600 0 0.01318359375 0.00923425778847 0.0194896385074 0.0097074508667 0.0262489300221 0.00700378417969
600 100 2.00612792969 2.00612792969 2.00612792969 2.00612792969 2.00612792969 2.00612792969
600 200 0.01611328125 0.00890588392328 0.0230499301106 0.0120062828064 0.0307533033192 0.00881195068359
600 300 0.0 0.0 0.0 0.0 0.0 0.0
600 400 0.03564453125 0.0220178859086 0.0507050789893 0.0247623324394 0.0709848701954 0.0186576843262
600 500 0.0 0.0 0.0 0.0 0.0 0.0
600 550 0.0 0.0 0.0 0.0 0.0 0.0
600 575 0.0 0.0 0.0 0.0 0.0 0.0
650 500 0.0 0.0 0.0 0.0 0.0 0.0
650 550 0.0 0.0 0.0 0.0 0.0 0.0
650 600 0.0 0.0 0.0 0.0 0.0 0.0
650 625 0.0 0.0 0.0 0.0 0.0 0.0
700 0 2.00612792969 2.00612792969 2.00612792969 2.00612792969 2.00612792969 2.00612792969
700 100 0.0 0.0 0.0 0.0 0.0 0.0
700 200 0.02685546875 0.0143444352508 0.0384165495634 0.0196301937103 0.0522691085935 0.0146865844727
700 300 0.03271484375 0.0160742466686 0.0460159257054 0.0234578847885 0.0631414800882 0.0171241760254
700 400 0.04443359375 0.0247860117313 0.0632077008486 0.0315298438072 0.0882070958614 0.0232582092285
700 500 0.0 0.0 0.0 0.0 0.0 0.0
700 550 0.0 0.0 0.0 0.0 0.0 0.0
700 600 2.00612792969 2.00612792969 2.00612792969 2.00612792969 2.00612792969 2.00612792969
700 650 0.0 0.0 0.0 0.0 0.0 0.0
700 675 0.0 0.0 0.0 0.0 0.0 0.0
750 500 0.0 0.0 0.0 0.0 0.0 0.0
750 550 0.0 0.0 0.0 0.0 0.0 0.0
750 600 0.12451171875 0.0620401231073 0.181587263942 0.0860387831926 0.259323596954 0.0637149810791
750 650 0.0 0.0 0.0 0.0 0.0 0.0
750 700 0.0 0.0 0.0 0.0 0.0 0.0
750 725 0.0 0.0 0.0 0.0 0.0 0.0
800 0 0.03662109375 0.017270448966 0.0515103638172 0.025986135006 0.071615897119 0.0191688537598
800 100 0.03857421875 0.0185949601389 0.0548726171255 0.0273720622063 0.0758438333869 0.020191192627
800 200 2.00612792969 2.00612792969 2.00612792969 2.00612792969 2.00612792969 2.00612792969
800 300 0.0 0.0 0.0 0.0 0.0 0.0
800 400 2.00612792969 2.00612792969 2.00612792969 2.00612792969 2.00612792969 2.00612792969
800 500 0.0 0.0 0.0 0.0 0.0 0.0
800 550 0.0 0.0 0.0 0.0 0.0 0.0
800 600 0.14404296875 0.0725772603593 0.210071533918 0.101502202451 0.296440213919 0.0751161575317
800 650 0.0 0.0 0.0 0.0 0.0 0.0
800 700 0.0 0.0 0.0 0.0 0.0 0.0
800 750 0.0 0.0 0.0 0.0 0.0 0.0
800 775 0.0 0.0 0.0 0.0 0.0 0.0
850 500 0.0 0.0 0.0 0.0 0.0 0.0
850 550 0.12939453125 0.0594505200475 0.185613691807 0.0914919003844 0.259500056505 0.067982673645
850 600 0.0 0.0 0.0 0.0 0.0 0.0
850 650 0.0 0.0 0.0 0.0 0.0 0.0
850 700 0.0 0.0 0.0 0.0 0.0 0.0
850 750 0.0 0.0 0.0 0.0 0.0 0.0
850 800 0.0 0.0 0.0 0.0 0.0 0.0
850 825 0.0 0.0 0.0 0.0 0.0 0.0
900 0 0.05615234375 0.0249645891282 0.0798778608441 0.0390091538429 0.110760554671 0.0293922424316
900 100 2.00612792969 2.00612792969 2.00612792969 2.00612792969 2.00612792969 2.00612792969
900 200 0.0 0.0 0.0 0.0 0.0 0.0
900 300 0.0 0.0 0.0 0.0 0.0 0.0
900 400 0.09521484375 0.0371446169697 0.136583656073 0.0674390047789 0.189757943153 0.0502109527588
900 500 0.0 0.0 0.0 0.0 0.0 0.0
900 550 0.0 0.0 0.0 0.0 0.0 0.0
900 600 0.17626953125 0.0744570592164 0.254260122776 0.124095514417 0.356614530087 0.0922660827637
900 650 0.2158203125 0.0993447277881 0.315611511469 0.150933593512 0.444692194462 0.110017776489
900 700 0.0 0.0 0.0 0.0 0.0 0.0
900 800 0.0 0.0 0.0 0.0 0.0 0.0
900 850 2.00612792969 2.00612792969 2.00612792969 2.00612792969 2.00612792969 2.00612792969
900 875 0.0 0.0 0.0 0.0 0.0 0.0
950 500 0.15283203125 0.0598759727645 0.220452681184 0.107981234789 0.307289153337 0.0796995162964
950 550 2.00612792969 2.00612792969 2.00612792969 2.00612792969 2.00612792969 2.00612792969
950 600 0.0 0.0 0.0 0.0 0.0 0.0
950 650 0.0 0.0 0.0 0.0 0.0 0.0
950 700 0.0 0.0 0.0 0.0 0.0 0.0
950 750 0.3740234375 0.157472019931 0.54249215126 0.262862533331 0.763240396976 0.19504737854
950 800 0.0 0.0 0.0 0.0 0.0 0.0
950 850 2.00612792969 2.00612792969 2.00612792969 2.00612792969 2.00612792969 2.00612792969
950 900 0.0 0.0 0.0 0.0 0.0 0.0
950 925 0.0 0.0 0.0 0.0 0.0 0.0
1000 0 2.00612792969 2.00612792969 2.00612792969 2.00612792969 2.00612792969 2.00612792969
1000 100 0.09228515625 0.0404267657583 0.132381081581 0.0649189800024 0.182761088014 0.047945022583
1000 200 0.0 0.0 0.0 0.0 0.0 0.0
1000 300 0.11474609375 0.0498164508322 0.165515586734 0.0807193666697 0.229279398918 0.0596141815186
1000 400 2.00612792969 2.00612792969 2.00612792969 2.00612792969 2.00612792969 2.00612792969
1000 500 0.18701171875 0.0766261843122 0.26975518465 0.131884977221 0.376011937857 0.0982542037964
1000 550 0.2041015625 0.0795109115126 0.29603356123 0.144449442625 0.411422073841 0.106834411621
1000 600 0.2412109375 0.0977436081964 0.349857866764 0.170107513666 0.489223212004 0.12672996521
1000 650 2.00612792969 2.00612792969 2.00612792969 2.00612792969 2.00612792969 2.00612792969
1000 700 0.0 0.0 0.0 0.0 0.0 0.0
1000 750 0.451171875 0.213170549433 0.654389977455 0.319849729538 0.920671164989 0.237041473389
1000 800 0.0 0.0 0.0 0.0 0.0 0.0
1000 850 0.677734375 0.328671353371 0.993807315826 0.473388195038 1.42314183712 0.350780487061
1000 900 2.00612792969 2.00612792969 2.00612792969 2.00612792969 2.00612792969 2.00612792969
1000 950 0.0 0.0 0.0 0.0 0.0 0.0
1000 975 0.0 0.0 0.0 0.0 0.0 0.0
1050 500 2.00612792969 2.00612792969 2.00612792969 2.00612792969 2.00612792969 2.00612792969
1050 550 2.00612792969 2.00612792969 2.00612792969 2.00612792969 2.00612792969 2.00612792969
1050 600 0.2900390625 0.111710312236 0.418367058039 0.203838557005 0.583162128925 0.151250839233
1050 650 0.0 0.0 0.0 0.0 0.0 0.0
1050 700 0.390625 0.146073303679 0.5634573102 0.275003910065 0.79028147459 0.204467773438
1050 750 0.494140625 0.194835545798 0.716712832451 0.343683958054 1.00835418701 0.251895904541
1050 800 0.583984375 0.247704727063 0.851679861546 0.410422444344 1.2090587616 0.304538726807
1050 900 2.00612792969 2.00612792969 2.00612792969 2.00612792969 2.00612792969 2.00612792969
1050 950 0.0 0.0 0.0 0.0 0.0 0.0
1050 1000 0.0 0.0 0.0 0.0 0.0 0.0
1050 1025 0.0 0.0 0.0 0.0 0.0 0.0
1100 0 2.00612792969 2.00612792969 2.00612792969 2.00612792969 2.00612792969 2.00612792969
1100 100 0.13134765625 0.056982025802 0.190509647131 0.0915140584111 0.266398876905 0.0672130584717
1100 200 0.13818359375 0.0629626857457 0.200424641371 0.09627687186 0.281980454922 0.0707111358643
1100 300 0.0 0.0 0.0 0.0 0.0 0.0
1100 400 0.21875 0.0894223533833 0.315536111593 0.153736829758 0.43709436059 0.114074707031
1100 500 2.00612792969 2.00612792969 2.00612792969 2.00612792969 2.00612792969 2.00612792969
1100 550 0.0 0.0 0.0 0.0 0.0 0.0
1100 600 0.0 0.0 0.0 0.0 0.0 0.0
1100 700 0.470703125 0.178923532652 0.678966104984 0.331950724125 0.946411311626 0.247303009033
1100 750 0.564453125 0.222059361049 0.81869572401 0.396390169859 1.15183544159 0.292148590088
1100 800 0.0 0.0 0.0 0.0 0.0 0.0
1100 850 0.84765625 0.338957895384 1.23283874989 0.598899126053 1.74237680435 0.442039489746
1100 900 0.0 0.0 0.0 0.0 0.0 0.0
1100 950 0.0 0.0 0.0 0.0 0.0 0.0
1100 1000 0.0 0.0 0.0 0.0 0.0 0.0
1100 1050 0.0 0.0 0.0 0.0 0.0 0.0
1100 1075 0.0 0.0 0.0 0.0 0.0 0.0
1150 500 0.3134765625 0.119134481348 0.452174514532 0.219549834728 0.63028639555 0.16224861145
1150 550 2.00612792969 2.00612792969 2.00612792969 2.00612792969 2.00612792969 2.00612792969
1150 600 0.419921875 0.158467768933 0.609064280987 0.296689629555 0.85168415308 0.218982696533
1150 650 0.462890625 0.176319767449 0.671387135983 0.325939655304 0.944584727287 0.239582061768
1150 700 0.548828125 0.197607750643 0.791657567024 0.385714709759 1.11034548283 0.286205291748
1150 750 2.00612792969 2.00612792969 2.00612792969 2.00612792969 2.00612792969 2.00612792969
1150 800 0.744140625 0.324636955305 1.07931852341 0.520271658897 1.5277557373 0.383697509766
1150 850 0.0 0.0 0.0 0.0 0.0 0.0
1150 900 0.0 0.0 0.0 0.0 0.0 0.0
1150 950 0.0 0.0 0.0 0.0 0.0 0.0
1150 1000 0.0 0.0 0.0 0.0 0.0 0.0
1150 1050 0.0 0.0 0.0 0.0 0.0 0.0
1150 1100 0.0 0.0 0.0 0.0 0.0 0.0
1200 0 0.0 0.0 0.0 0.0 0.0 0.0
1200 100 0.0 0.0 0.0 0.0 0.0 0.0
1200 200 2.00612792969 2.00612792969 2.00612792969 2.00612792969 2.00612792969 2.00612792969
1200 500 0.396484375 0.154489777138 0.568748354912 0.278648018837 0.790171563625 0.206760406494
1200 550 0.0 0.0 0.0 0.0 0.0 0.0
1200 600 0.474609375 0.183991646559 0.68838429451 0.331826806068 0.96260112524 0.244720458984
1200 650 2.00612792969 2.00612792969 2.00612792969 2.00612792969 2.00612792969 2.00612792969
1200 700 0.642578125 0.229261321158 0.932009994984 0.449263453484 1.3112590313 0.331329345703
1200 750 0.0 0.0 0.0 0.0 0.0 0.0
1200 800 0.0 0.0 0.0 0.0 0.0 0.0
1200 850 0.0 0.0 0.0 0.0 0.0 0.0
1200 900 1.23046875 0.526058597461 1.78470003605 0.864769697189 2.51092147827 0.641670227051
1200 950 1.5859375 0.676035406076 2.31292319298 1.0969748497 3.28346395493 0.808456420898
1200 1000 0.0 0.0 0.0 0.0 0.0 0.0
1200 1050 0.0 0.0 0.0 0.0 0.0 0.0
1200 1100 0.0 0.0 0.0 0.0 0.0 0.0
1200 1150 0.0 0.0 0.0 0.0 0.0 0.0
1200 1175 0.0 0.0 0.0 0.0 0.0 0.0
1250 0 0.2666015625 0.118987857898 0.388810366392 0.187222346663 0.542073667049 0.137987136841
1250 100 0.2783203125 0.123840363746 0.401463359594 0.195976376534 0.559600055218 0.144052505493
1250 200 0.2685546875 0.108495955545 0.391658782959 0.186784744263 0.54936504364 0.13689994812
1250 300 0.3310546875 0.133395137249 0.477530092001 0.231861025095 0.665629506111 0.171346664429
1250 400 0.3759765625 0.143858760348 0.542327702045 0.263323009014 0.755950927734 0.194597244263
1250 550 0.0 0.0 0.0 0.0 0.0 0.0
1250 600 0.0 0.0 0.0 0.0 0.0 0.0
1250 650 2.00612792969 2.00612792969 2.00612792969 2.00612792969 2.00612792969 2.00612792969
1250 700 0.78515625 0.320072392438 1.13880860806 0.554219484329 1.592451334 0.410980224609
1250 750 0.90234375 0.319885360202 1.30158638954 0.63197517395 1.82555031776 0.46703338623
1250 800 0.0 0.0 0.0 0.0 0.0 0.0
1250 850 2.00612792969 2.00612792969 2.00612792969 2.00612792969 2.00612792969 2.00612792969
1250 900 0.0 0.0 0.0 0.0 0.0 0.0
1250 950 0.0 0.0 0.0 0.0 0.0 0.0
1250 1000 2.1796875 0.935055603315 3.17884516716 1.53187775612 4.51274108887 1.13667297363
1250 1050 0.0 0.0 0.0 0.0 0.0 0.0
1250 1100 0.0 0.0 0.0 0.0 0.0 0.0
1250 1150 0.0 0.0 0.0 0.0 0.0 0.0
1250 1200 0.0 0.0 0.0 0.0 0.0 0.0
1250 1225 0.0 0.0 0.0 0.0 0.0 0.0
1300 0 0.0 0.0 0.0 0.0 0.0 0.0
1300 100 2.00612792969 2.00612792969 2.00612792969 2.00612792969 2.00612792969 2.00612792969
1300 200 0.390625 0.187267532278 0.5634573102 0.27431845665 0.785403549671 0.202178955078
1300 300 0.0 0.0 0.0 0.0 0.0 0.0
1300 400 0.0 0.0 0.0 0.0 0.0 0.0
1300 500 0.560546875 0.210589864526 0.808561265469 0.393950641155 1.12705409527 0.292316436768
1300 550 0.0 0.0 0.0 0.0 0.0 0.0
1300 600 0.0 0.0 0.0 0.0 0.0 0.0
1300 650 0.724609375 0.256191355491 1.04521334171 0.509253263474 1.45692360401 0.377872467041
1300 700 0.85546875 0.361684425326 1.24079144001 0.599145293236 1.73505890369 0.442771911621
1300 750 0.0 0.0 0.0 0.0 0.0 0.0
1300 800 0.0 0.0 0.0 0.0 0.0 0.0
1300 850 1.375 0.527424674047 1.99433135986 0.96300983429 2.78877043724 0.711669921875
1300 900 2.00612792969 2.00612792969 2.00612792969 2.00612792969 2.00612792969 2.00612792969
1300 950 0.0 0.0 0.0 0.0 0.0 0.0
1300 1000 0.0 0.0 0.0 0.0 0.0 0.0
1300 1050 2.4453125 0.928597416467 3.605219841 1.70669269562 5.17637205124 1.25608825684
1300 1100 0.0 0.0 0.0 0.0 0.0 0.0
1300 1150 0.0 0.0 0.0 0.0 0.0 0.0
1300 1200 2.00612792969 2.00612792969 2.00612792969 2.00612792969 2.00612792969 2.00612792969
1300 1275 0.0 0.0 0.0 0.0 0.0 0.0
1350 0 0.0 0.0 0.0 0.0 0.0 0.0
1350 100 0.0 0.0 0.0 0.0 0.0 0.0
1350 200 0.0 0.0 0.0 0.0 0.0 0.0
1350 300 0.0 0.0 0.0 0.0 0.0 0.0
1350 400 0.0 0.0 0.0 0.0 0.0 0.0
1350 500 2.00612792969 2.00612792969 2.00612792969 2.00612792969 2.00612792969 2.00612792969
1350 550 0.755859375 0.305175975342 1.09330284595 0.529381811619 1.52169787884 0.391216278076
1350 600 0.79296875 0.436185922461 1.16910481453 0.550762176514 1.63978111744 0.39803314209
1350 650 0.0 0.0 0.0 0.0 0.0 0.0
1350 700 1.01953125 0.411588875458 1.47875142097 0.714049935341 2.06780982018 0.527687072754
1350 750 0.0 0.0 0.0 0.0 0.0 0.0
1350 800 0.0 0.0 0.0 0.0 0.0 0.0
1350 850 1.6171875 0.581711306799 2.37139034271 1.13066911697 3.33617687225 0.833862304688
1350 900 0.0 0.0 0.0 0.0 0.0 0.0
1350 950 2.0859375 0.858600990303 3.04212069511 1.46486055851 4.29285621643 1.07963562012
1350 1000 0.0 0.0 0.0 0.0 0.0 0.0
1350 1050 0.0 0.0 0.0 0.0 0.0 0.0
1350 1100 0.0 0.0 0.0 0.0 0.0 0.0
1350 1150 0.0 0.0 0.0 0.0 0.0 0.0
1350 1200 0.0 0.0 0.0 0.0 0.0 0.0
1350 1250 0.0 0.0 0.0 0.0 0.0 0.0
1350 1300 0.0 0.0 0.0 0.0 0.0 0.0
1350 1325 0.0 0.0 0.0 0.0 0.0 0.0
1400 0 0.0 0.0 0.0 0.0 0.0 0.0
1400 100 0.490234375 0.237696895201 0.711047112942 0.342156469822 1.00038301945 0.251819610596
1400 200 0.0 0.0 0.0 0.0 0.0 0.0
1400 300 0.0 0.0 0.0 0.0 0.0 0.0
1400 400 0.0 0.0 0.0 0.0 0.0 0.0
1400 500 0.0 0.0 0.0 0.0 0.0 0.0
1400 600 0.775390625 0.286562701839 1.14937019348 0.525851964951 1.6450356245 0.378608703613
1400 650 0.0 0.0 0.0 0.0 0.0 0.0
1400 700 0.0 0.0 0.0 0.0 0.0 0.0
1400 750 1.38671875 0.500911649147 2.00027346611 0.97976577282 2.78818273544 0.723152160645
1400 800 0.0 0.0 0.0 0.0 0.0 0.0
1400 850 1.7578125 0.786922530197 2.57759833336 1.21832633018 3.64790153503 0.889205932617
1400 900 2.0390625 0.858730547571 2.95750284195 1.43304681778 4.16095542908 1.0633392334
1400 950 2.2890625 0.870820406162 3.39310288429 1.58211326599 4.85637712479 1.15794372559
1400 1000 0.0 0.0 0.0 0.0 0.0 0.0
1400 1050 0.0 0.0 0.0 0.0 0.0 0.0
1400 1100 0.0 0.0 0.0 0.0 0.0 0.0
1400 1150 0.0 0.0 0.0 0.0 0.0 0.0
1400 1200 0.0 0.0 0.0 0.0 0.0 0.0
1400 1250 0.0 0.0 0.0 0.0 0.0 0.0
1400 1300 0.0 0.0 0.0 0.0 0.0 0.0
1400 1350 0.0 0.0 0.0 0.0 0.0 0.0
1400 1375 0.0 0.0 0.0 0.0 0.0 0.0
1450 0 0.0 0.0 0.0 0.0 0.0 0.0
1450 100 0.0 0.0 0.0 0.0 0.0 0.0
1450 200 0.0 0.0 0.0 0.0 0.0 0.0
1450 400 0.0 0.0 0.0 0.0 0.0 0.0
1450 500 0.0 0.0 0.0 0.0 0.0 0.0
1450 550 1.07421875 0.418279773606 1.55807137489 0.758973479271 2.16537928581 0.560188293457
1450 600 0.0 0.0 0.0 0.0 0.0 0.0
1450 650 1.29296875 0.448635122164 1.86504375935 0.908694505692 2.58353972435 0.674263000488
1450 700 0.0 0.0 0.0 0.0 0.0 0.0
1450 750 0.0 0.0 0.0 0.0 0.0 0.0
1450 800 1.8203125 0.643570884229 2.65473461151 1.26606106758 3.72369599342 0.927932739258
1450 850 0.0 0.0 0.0 0.0 0.0 0.0
1450 900 0.0 0.0 0.0 0.0 0.0 0.0
1450 950 0.0 0.0 0.0 0.0 0.0 0.0
1450 1000 0.0 0.0 0.0 0.0 0.0 0.0
1450 1050 0.0 0.0 0.0 0.0 0.0 0.0
1450 1100 0.0 0.0 0.0 0.0 0.0 0.0
1450 1150 0.0 0.0 0.0 0.0 0.0 0.0
1450 1200 0.0 0.0 0.0 0.0 0.0 0.0
1450 1250 0.0 0.0 0.0 0.0 0.0 0.0
1450 1300 0.0 0.0 0.0 0.0 0.0 0.0
1450 1350 0.0 0.0 0.0 0.0 0.0 0.0
1450 1400 2.00612792969 2.00612792969 2.00612792969 2.00612792969 2.00612792969 2.00612792969
1450 1425 2.00612792969 2.00612792969 2.00612792969 2.00612792969 2.00612792969 2.00612792969
1500 0 0.716796875 0.379744129975 1.10823094845 0.469878435135 1.63139677048 0.328998565674
1500 100 0.0 0.0 0.0 0.0 0.0 0.0
1500 200 0.0 0.0 0.0 0.0 0.0 0.0
1500 300 0.0 0.0 0.0 0.0 0.0 0.0
1500 400 0.0 0.0 0.0 0.0 0.0 0.0
1500 500 0.0 0.0 0.0 0.0 0.0 0.0
1500 550 0.0 0.0 0.0 0.0 0.0 0.0
1500 600 0.0 0.0 0.0 0.0 0.0 0.0
1500 650 1.51171875 0.58797412108 2.19263148308 1.06083965302 3.04727935791 0.776527404785
1500 700 0.0 0.0 0.0 0.0 0.0 0.0
1500 750 0.0 0.0 0.0 0.0 0.0 0.0
1500 800 2.0859375 0.792335076925 3.04212069511 1.45080804825 4.26706790924 1.0633392334
1500 850 0.0 0.0 0.0 0.0 0.0 0.0
1500 900 0.0 0.0 0.0 0.0 0.0 0.0
1500 950 0.0 0.0 0.0 0.0 0.0 0.0
1500 1050 0.0 0.0 0.0 0.0 0.0 0.0
1500 1100 0.0 0.0 0.0 0.0 0.0 0.0
1500 1150 0.0 0.0 0.0 0.0 0.0 0.0
1500 1200 0.0 0.0 0.0 0.0 0.0 0.0
1500 1250 0.0 0.0 0.0 0.0 0.0 0.0
1500 1300 0.0 0.0 0.0 0.0 0.0 0.0
1500 1350 0.0 0.0 0.0 0.0 0.0 0.0
1500 1400 0.0 0.0 0.0 0.0 0.0 0.0
1500 1450 2.00612792969 2.00612792969 2.00612792969 2.00612792969 2.00612792969 2.00612792969
1500 1475 0.0 0.0 0.0 0.0 0.0 0.0
1550 0 0.0 0.0 0.0 0.0 0.0 0.0
1550 100 0.0 0.0 0.0 0.0 0.0 0.0
1550 200 0.0 0.0 0.0 0.0 0.0 0.0
1550 300 0.16845703125 0.158382163109 0.339012175798 0.0744518041611 0.510899782181 0.041127204895
1550 400 0.0 0.0 0.0 0.0 0.0 0.0
1550 500 0.0 0.0 0.0 0.0 0.0 0.0
1550 550 0.0 0.0 0.0 0.0 0.0 0.0
1550 600 0.0 0.0 0.0 0.0 0.0 0.0
1550 700 0.0 0.0 0.0 0.0 0.0 0.0
1550 800 0.0 0.0 0.0 0.0 0.0 0.0
1550 850 0.0 0.0 0.0 0.0 0.0 0.0
1550 900 0.0 0.0 0.0 0.0 0.0 0.0
1550 950 0.0 0.0 0.0 0.0 0.0 0.0
1550 1000 0.0 0.0 0.0 0.0 0.0 0.0
1550 1050 0.0 0.0 0.0 0.0 0.0 0.0
1550 1100 0.0 0.0 0.0 0.0 0.0 0.0
1550 1150 0.0 0.0 0.0 0.0 0.0 0.0
1550 1200 0.0 0.0 0.0 0.0 0.0 0.0
1550 1250 7.84375 3.70165235839 11.8770027161 5.32908439636 17.443365097 3.84527587891
1550 1300 0.0 0.0 0.0 0.0 0.0 0.0
1550 1350 0.0 0.0 0.0 0.0 0.0 0.0
1550 1400 0.0 0.0 0.0 0.0 0.0 0.0
1550 1450 0.0 0.0 0.0 0.0 0.0 0.0
1550 1500 0.0 0.0 0.0 0.0 0.0 0.0
1550 1525 0.0 0.0 0.0 0.0 0.0 0.0
1600 0 0.0 0.0 0.0 0.0 0.0 0.0
1600 100 0.0 0.0 0.0 0.0 0.0 0.0
1600 200 1.33984375 0.714642354076 1.97538399696 0.925384759903 2.81985735893 0.672538757324
1600 300 1.51171875 0.672703333886 2.21673440933 1.04959452152 3.13719511032 0.767669677734
1600 400 0.0 0.0 0.0 0.0 0.0 0.0
1600 500 0.0 0.0 0.0 0.0 0.0 0.0
1600 600 1.6640625 0.753263849398 2.41359424591 1.15738630295 3.40606045723 0.848281860352
1600 650 0.0 0.0 0.0 0.0 0.0 0.0
1600 700 0.0 0.0 0.0 0.0 0.0 0.0
1600 750 2.5859375 1.06911589026 3.73008751869 1.81598818302 5.19937181473 1.33842468262
1600 800 0.0 0.0 0.0 0.0 0.0 0.0
1600 850 3.296875 1.38136007548 4.78186273575 2.32935857773 6.6867108345 1.71926879883
1600 900 0.0 0.0 0.0 0.0 0.0 0.0
1600 950 0.0 0.0 0.0 0.0 0.0 0.0
1600 1000 0.0 0.0 0.0 0.0 0.0 0.0
1600 1100 0.0 0.0 0.0 0.0 0.0 0.0
1600 1150 0.0 0.0 0.0 0.0 0.0 0.0
1600 1200 0.0 0.0 0.0 0.0 0.0 0.0
1600 1250 0.0 0.0 0.0 0.0 0.0 0.0
1600 1300 0.0 0.0 0.0 0.0 0.0 0.0
1600 1350 0.0 0.0 0.0 0.0 0.0 0.0
1600 1400 0.0 0.0 0.0 0.0 0.0 0.0
1600 1450 0.0 0.0 0.0 0.0 0.0 0.0
1600 1500 0.0 0.0 0.0 0.0 0.0 0.0
1600 1550 0.0 0.0 0.0 0.0 0.0 0.0
1600 1575 2.00612792969 2.00612792969 2.00612792969 2.00612792969 2.00612792969 2.00612792969
1650 0 0.89453125 0.451802310755 1.55774021149 0.506494045258 2.51127028465 0.313610076904
1650 100 0.0 0.0 0.0 0.0 0.0 0.0
1650 200 0.0 0.0 0.0 0.0 0.0 0.0
1650 300 0.0 0.0 0.0 0.0 0.0 0.0
1650 400 0.0 0.0 0.0 0.0 0.0 0.0
1650 500 0.0 0.0 0.0 0.0 0.0 0.0
1650 600 0.0 0.0 0.0 0.0 0.0 0.0
1650 650 2.6328125 1.03393303031 3.83968043327 1.83494615555 5.38577508926 1.33183288574
1650 700 2.6640625 1.20502122539 3.90649342537 1.82058763504 5.49582767487 1.30601501465
1650 750 0.0 0.0 0.0 0.0 0.0 0.0
1650 800 0.0 0.0 0.0 0.0 0.0 0.0
1650 850 0.0 0.0 0.0 0.0 0.0 0.0
1650 900 0.0 0.0 0.0 0.0 0.0 0.0
1650 950 4.53125 1.77213365896 6.6083521843 3.16256165504 9.35331535339 2.32757568359
1650 1000 0.0 0.0 0.0 0.0 0.0 0.0
1650 1050 0.0 0.0 0.0 0.0 0.0 0.0
1650 1100 0.0 0.0 0.0 0.0 0.0 0.0
1650 1150 0.0 0.0 0.0 0.0 0.0 0.0
1650 1200 0.0 0.0 0.0 0.0 0.0 0.0
1650 1250 0.0 0.0 0.0 0.0 0.0 0.0
1650 1300 0.0 0.0 0.0 0.0 0.0 0.0
1650 1350 0.0 0.0 0.0 0.0 0.0 0.0
1650 1400 20.0625 10.8745467533 30.2186889648 13.7194976807 44.0494346619 9.91369628906
1650 1450 0.0 0.0 0.0 0.0 0.0 0.0
1650 1500 0.0 0.0 0.0 0.0 0.0 0.0
1650 1550 0.0 0.0 0.0 0.0 0.0 0.0
1650 1600 0.0 0.0 0.0 0.0 0.0 0.0
1700 0 0.0 0.0 0.0 0.0 0.0 0.0
1700 100 2.0703125 1.22429657716 3.03583788872 1.42989492416 4.32188367844 1.0391998291
1700 200 0.0 0.0 0.0 0.0 0.0 0.0
1700 300 0.0 0.0 0.0 0.0 0.0 0.0
1700 400 0.0 0.0 0.0 0.0 0.0 0.0
1700 500 0.0 0.0 0.0 0.0 0.0 0.0
1700 600 0.0 0.0 0.0 0.0 0.0 0.0
1700 750 0.0 0.0 0.0 0.0 0.0 0.0
1700 800 4.109375 1.40466855506 5.92757129669 2.87808609009 8.26244544983 2.12692260742
1700 850 0.0 0.0 0.0 0.0 0.0 0.0
1700 950 0.0 0.0 0.0 0.0 0.0 0.0
1700 1000 0.0 0.0 0.0 0.0 0.0 0.0
1700 1050 0.0 0.0 0.0 0.0 0.0 0.0
1700 1100 0.0 0.0 0.0 0.0 0.0 0.0
1700 1150 0.0 0.0 0.0 0.0 0.0 0.0
1700 1200 0.0 0.0 0.0 0.0 0.0 0.0
1700 1250 0.0 0.0 0.0 0.0 0.0 0.0
1700 1300 0.0 0.0 0.0 0.0 0.0 0.0
1700 1350 0.0 0.0 0.0 0.0 0.0 0.0
1700 1400 0.0 0.0 0.0 0.0 0.0 0.0
1700 1450 0.0 0.0 0.0 0.0 0.0 0.0
1700 1500 0.0 0.0 0.0 0.0 0.0 0.0
1700 1550 0.0 0.0 0.0 0.0 0.0 0.0
1700 1600 0.0 0.0 0.0 0.0 0.0 0.0
1750 0 0.0 0.0 0.0 0.0 0.0 0.0
1750 100 0.0 0.0 0.0 0.0 0.0 0.0
1750 200 0.0 0.0 0.0 0.0 0.0 0.0
1750 300 2.8203125 1.5561016011 4.13561344147 1.96157956123 5.85285520554 1.43769836426
1750 400 0.0 0.0 0.0 0.0 0.0 0.0
1750 500 0.0 0.0 0.0 0.0 0.0 0.0
1750 600 0.0 0.0 0.0 0.0 0.0 0.0
1750 700 0.0 0.0 0.0 0.0 0.0 0.0
1750 750 4.140625 1.58116763626 6.07167577744 2.85385084152 8.59283447266 2.09457397461
1750 800 0.0 0.0 0.0 0.0 0.0 0.0
1750 850 0.0 0.0 0.0 0.0 0.0 0.0
1750 900 0.0 0.0 0.0 0.0 0.0 0.0
1750 950 6.0 2.86987540237 8.9895324707 4.04695129395 12.9303894043 2.89453125
1750 1000 0.0 0.0 0.0 0.0 0.0 0.0
1750 1050 0.0 0.0 0.0 0.0 0.0 0.0
1750 1100 0.0 0.0 0.0 0.0 0.0 0.0
1750 1150 0.0 0.0 0.0 0.0 0.0 0.0
1750 1200 0.0 0.0 0.0 0.0 0.0 0.0
1750 1250 0.0 0.0 0.0 0.0 0.0 0.0
1750 1300 0.0 0.0 0.0 0.0 0.0 0.0
1750 1350 0.0 0.0 0.0 0.0 0.0 0.0
1750 1400 0.0 0.0 0.0 0.0 0.0 0.0
1750 1450 0.0 0.0 0.0 0.0 0.0 0.0
1750 1500 0.0 0.0 0.0 0.0 0.0 0.0
1750 1550 0.0 0.0 0.0 0.0 0.0 0.0
1750 1600 0.0 0.0 0.0 0.0 0.0 0.0
1800 0 0.0 0.0 0.0 0.0 0.0 0.0
1800 100 3.140625 1.49249732182 4.68042087555 2.11832618713 6.75387382507 1.51510620117
1800 200 0.0 0.0 0.0 0.0 0.0 0.0
1800 300 2.4296875 1.55871937139 3.81461930275 1.57459211349 5.68523073196 1.08671569824
1800 500 0.0 0.0 0.0 0.0 0.0 0.0
1800 600 0.0 0.0 0.0 0.0 0.0 0.0
1800 700 0.0 0.0 0.0 0.0 0.0 0.0
1800 800 0.0 0.0 0.0 0.0 0.0 0.0
1800 850 0.0 0.0 0.0 0.0 0.0 0.0
1800 900 7.15625 3.0072770275 10.4366388321 5.00826120377 14.6390800476 3.67596435547
1800 950 0.0 0.0 0.0 0.0 0.0 0.0
1800 1000 0.0 0.0 0.0 0.0 0.0 0.0
1800 1050 0.0 0.0 0.0 0.0 0.0 0.0
1800 1100 0.0 0.0 0.0 0.0 0.0 0.0
1800 1150 0.0 0.0 0.0 0.0 0.0 0.0
1800 1200 0.0 0.0 0.0 0.0 0.0 0.0
1800 1250 18.3125 6.12307476208 27.1448230743 12.603395462 38.6280403137 9.12048339844
1800 1300 0.0 0.0 0.0 0.0 0.0 0.0
1800 1350 0.0 0.0 0.0 0.0 0.0 0.0
1800 1400 23.8125 10.522675507 35.8670425415 16.0028381348 52.2829742432 11.3946533203
1800 1500 0.0 0.0 0.0 0.0 0.0 0.0
1800 1550 0.0 0.0 0.0 0.0 0.0 0.0
1800 1600 0.0 0.0 0.0 0.0 0.0 0.0
1850 0 0.0 0.0 0.0 0.0 0.0 0.0
1850 100 2.8359375 2.07300412918 4.6672129631 1.74833631516 7.23272895813 1.16871643066
1850 200 0.0 0.0 0.0 0.0 0.0 0.0
1850 300 0.0 0.0 0.0 0.0 0.0 0.0
1850 400 0.0 0.0 0.0 0.0 0.0 0.0
1850 500 4.796875 2.26027068231 7.14870262146 3.27080631256 10.2575101852 2.37033081055
1850 600 0.0 0.0 0.0 0.0 0.0 0.0
1850 700 4.703125 2.18984515839 7.08397579193 3.18377351761 10.2698431015 2.28726196289
1850 800 8.0 3.38966074088 11.7309360504 5.53503417969 16.6020050049 4.03125
1850 850 8.96875 3.53155082671 13.0799798965 6.21617221832 18.3467941284 4.53692626953
1850 900 0.0 0.0 0.0 0.0 0.0 0.0
1850 950 0.0 0.0 0.0 0.0 0.0 0.0
1850 1000 0.0 0.0 0.0 0.0 0.0 0.0
1850 1050 0.0 0.0 0.0 0.0 0.0 0.0
1850 1100 0.0 0.0 0.0 0.0 0.0 0.0
1850 1150 0.0 0.0 0.0 0.0 0.0 0.0
1850 1200 0.0 0.0 0.0 0.0 0.0 0.0
1850 1250 0.0 0.0 0.0 0.0 0.0 0.0
1850 1300 0.0 0.0 0.0 0.0 0.0 0.0
1850 1350 0.0 0.0 0.0 0.0 0.0 0.0
1850 1400 0.0 0.0 0.0 0.0 0.0 0.0
1850 1450 0.0 0.0 0.0 0.0 0.0 0.0
1850 1500 0.0 0.0 0.0 0.0 0.0 0.0
1850 1550 0.0 0.0 0.0 0.0 0.0 0.0
1850 1600 0.0 0.0 0.0 0.0 0.0 0.0
1900 0 0.0 0.0 0.0 0.0 0.0 0.0
1900 100 0.0 0.0 0.0 0.0 0.0 0.0
1900 200 0.0 0.0 0.0 0.0 0.0 0.0
1900 300 0.0 0.0 0.0 0.0 0.0 0.0
1900 400 0.0 0.0 0.0 0.0 0.0 0.0
1900 500 0.0 0.0 0.0 0.0 0.0 0.0
1900 600 0.0 0.0 0.0 0.0 0.0 0.0
1900 700 0.0 0.0 0.0 0.0 0.0 0.0
1900 800 0.0 0.0 0.0 0.0 0.0 0.0
1900 900 0.0 0.0 0.0 0.0 0.0 0.0
1900 950 0.0 0.0 0.0 0.0 0.0 0.0
1900 1000 0.0 0.0 0.0 0.0 0.0 0.0
1900 1050 0.0 0.0 0.0 0.0 0.0 0.0
1900 1100 0.0 0.0 0.0 0.0 0.0 0.0
1900 1150 0.0 0.0 0.0 0.0 0.0 0.0
1900 1200 0.0 0.0 0.0 0.0 0.0 0.0
1900 1250 20.8125 8.25270312891 30.8506011963 14.1912498474 44.4083251953 10.2843017578
1900 1300 0.0 0.0 0.0 0.0 0.0 0.0
1900 1350 0.0 0.0 0.0 0.0 0.0 0.0
1900 1400 0.0 0.0 0.0 0.0 0.0 0.0
1900 1450 0.0 0.0 0.0 0.0 0.0 0.0
1900 1500 0.0 0.0 0.0 0.0 0.0 0.0
1900 1550 0.0 0.0 0.0 0.0 0.0 0.0
1900 1600 0.0 0.0 0.0 0.0 0.0 0.0
1950 0 0.0 0.0 0.0 0.0 0.0 0.0
1950 100 0.0 0.0 0.0 0.0 0.0 0.0
1950 200 0.0 0.0 0.0 0.0 0.0 0.0
1950 300 0.0 0.0 0.0 0.0 0.0 0.0
1950 400 0.0 0.0 0.0 0.0 0.0 0.0
1950 500 2.00612792969 2.00612792969 2.00612792969 2.00612792969 2.00612792969 2.00612792969
1950 600 0.0 0.0 0.0 0.0 0.0 0.0
1950 700 8.84375 4.3162900867 13.1091899872 6.02610015869 18.7625217438 4.33551025391
1950 900 0.0 0.0 0.0 0.0 0.0 0.0
1950 950 0.0 0.0 0.0 0.0 0.0 0.0
1950 1000 0.0 0.0 0.0 0.0 0.0 0.0
1950 1050 0.0 0.0 0.0 0.0 0.0 0.0
1950 1100 0.0 0.0 0.0 0.0 0.0 0.0
1950 1150 0.0 0.0 0.0 0.0 0.0 0.0
1950 1200 0.0 0.0 0.0 0.0 0.0 0.0
1950 1250 0.0 0.0 0.0 0.0 0.0 0.0
1950 1300 0.0 0.0 0.0 0.0 0.0 0.0
1950 1350 0.0 0.0 0.0 0.0 0.0 0.0
1950 1400 0.0 0.0 0.0 0.0 0.0 0.0
1950 1450 0.0 0.0 0.0 0.0 0.0 0.0
1950 1500 0.0 0.0 0.0 0.0 0.0 0.0
1950 1550 0.0 0.0 0.0 0.0 0.0 0.0
1950 1600 0.0 0.0 0.0 0.0 0.0 0.0
2000 0 0.0 0.0 0.0 0.0 0.0 0.0
2000 100 2.00612792969 2.00612792969 2.00612792969 2.00612792969 2.00612792969 2.00612792969
2000 200 0.0 0.0 0.0 0.0 0.0 0.0
2000 300 0.0 0.0 0.0 0.0 0.0 0.0
2000 400 0.0 0.0 0.0 0.0 0.0 0.0
2000 500 0.0 0.0 0.0 0.0 0.0 0.0
2000 600 0.0 0.0 0.0 0.0 0.0 0.0
2000 700 0.0 0.0 0.0 0.0 0.0 0.0
2000 800 0.0 0.0 0.0 0.0 0.0 0.0
2000 900 12.28125 6.64962857569 18.6941699982 8.28360366821 27.364118576 5.92474365234
2000 1000 14.4375 7.1937773286 21.0555763245 10.006521225 29.7123527527 7.30334472656
2000 1050 0.0 0.0 0.0 0.0 0.0 0.0
2000 1100 0.0 0.0 0.0 0.0 0.0 0.0
2000 1150 0.0 0.0 0.0 0.0 0.0 0.0
2000 1200 23.5 8.55634176197 34.0849380493 16.4016990662 47.9546165466 12.0712890625
2000 1250 0.0 0.0 0.0 0.0 0.0 0.0
2000 1300 0.0 0.0 0.0 0.0 0.0 0.0
2000 1350 0.0 0.0 0.0 0.0 0.0 0.0
2000 1400 0.0 0.0 0.0 0.0 0.0 0.0
2000 1450 0.0 0.0 0.0 0.0 0.0 0.0
2000 1500 0.0 0.0 0.0 0.0 0.0 0.0
2000 1550 0.0 0.0 0.0 0.0 0.0 0.0
2000 1600 0.0 0.0 0.0 0.0 0.0 0.0
2050 0 0.0 0.0 0.0 0.0 0.0 0.0
2050 100 8.15625 4.47189042259 12.5452566147 5.34102725983 18.5299777985 3.67987060547
2050 200 0.0 0.0 0.0 0.0 0.0 0.0
2050 400 9.03125 4.72591271796 13.4591207504 6.13587856293 19.4215869904 4.42742919922
2050 500 0.0 0.0 0.0 0.0 0.0 0.0
2050 600 0.0 0.0 0.0 0.0 0.0 0.0
2050 700 0.0 0.0 0.0 0.0 0.0 0.0
2050 800 0.0 0.0 0.0 0.0 0.0 0.0
2050 900 0.0 0.0 0.0 0.0 0.0 0.0
2050 1000 0.0 0.0 0.0 0.0 0.0 0.0
2050 1050 18.90625 7.33655973312 27.5727787018 13.149646759 38.6752967834 9.63775634766
2050 1100 0.0 0.0 0.0 0.0 0.0 0.0
2050 1150 0.0 0.0 0.0 0.0 0.0 0.0
2050 1200 30.625 10.0382305973 44.1750526428 21.4488563538 61.5756378174 15.8508300781
2050 1250 34.625 13.3447249246 50.2208900452 24.3343429565 69.796081543 18.0563964844
2050 1300 0.0 0.0 0.0 0.0 0.0 0.0
2050 1350 0.0 0.0 0.0 0.0 0.0 0.0
2050 1400 0.0 0.0 0.0 0.0 0.0 0.0
2050 1450 0.0 0.0 0.0 0.0 0.0 0.0
2050 1500 0.0 0.0 0.0 0.0 0.0 0.0
2050 1550 0.0 0.0 0.0 0.0 0.0 0.0
2050 1600 0.0 0.0 0.0 0.0 0.0 0.0
2100 0 0.0 0.0 0.0 0.0 0.0 0.0
2100 100 13.0625 7.25185206845 19.5709609985 8.8426399231 28.1505355835 6.35266113281
2100 200 0.0 0.0 0.0 0.0 0.0 0.0
2100 300 12.21875 6.49014116192 18.501625061 8.24144744873 26.8812656403 5.89459228516
2100 400 0.0 0.0 0.0 0.0 0.0 0.0
2100 500 0.0 0.0 0.0 0.0 0.0 0.0
2100 600 0.0 0.0 0.0 0.0 0.0 0.0
2100 700 14.8125 7.22323623576 22.4290809631 9.9545211792 32.6758537292 7.08801269531
2100 800 0.0 0.0 0.0 0.0 0.0 0.0
2100 900 0.0 0.0 0.0 0.0 0.0 0.0
2100 1000 0.0 0.0 0.0 0.0 0.0 0.0
2100 1100 0.0 0.0 0.0 0.0 0.0 0.0
2100 1150 2.00612792969 2.00612792969 2.00612792969 2.00612792969 2.00612792969 2.00612792969
2100 1200 0.0 0.0 0.0 0.0 0.0 0.0
2100 1250 0.0 0.0 0.0 0.0 0.0 0.0
2100 1300 41.953125 22.1225702222 61.8531341553 28.9247131348 87.7818069458 20.9765625
2100 1350 0.0 0.0 0.0 0.0 0.0 0.0
2100 1400 0.0 0.0 0.0 0.0 0.0 0.0
2100 1450 0.0 0.0 0.0 0.0 0.0 0.0
2100 1500 78.25 26.7686605835 113.49559021 54.9938583374 159.678665161 40.8061523438
2100 1550 0.0 0.0 0.0 0.0 0.0 0.0
2100 1600 0.0 0.0 0.0 0.0 0.0 0.0
2150 0 15.25 8.46281346356 22.8483943939 10.3609294891 32.8647384644 7.47607421875
2150 100 14.6875 9.10104253515 22.0056247711 10.0148468018 31.8295230865 7.25769042969
2150 200 15.1875 10.0598857166 22.6336765289 10.3184661865 32.6605224609 7.44543457031
2150 300 17.4375 9.58204740924 25.9868144989 11.8471279144 37.7103538513 8.54846191406
2150 400 0.0 0.0 0.0 0.0 0.0 0.0
2150 500 0.0 0.0 0.0 0.0 0.0 0.0
2150 600 0.0 0.0 0.0 0.0 0.0 0.0
2150 700 0.0 0.0 0.0 0.0 0.0 0.0
2150 800 20.90625 9.79431329795 31.1562347412 14.2038154602 44.705368042 10.2489624023
2150 900 0.0 0.0 0.0 0.0 0.0 0.0
2150 1000 0.0 0.0 0.0 0.0 0.0 0.0
2150 1100 2.00612792969 2.00612792969 2.00612792969 2.00612792969 2.00612792969 2.00612792969
2150 1150 0.0 0.0 0.0 0.0 0.0 0.0
2150 1200 0.0 0.0 0.0 0.0 0.0 0.0
2150 1250 0.0 0.0 0.0 0.0 0.0 0.0
2150 1300 0.0 0.0 0.0 0.0 0.0 0.0
2150 1350 0.0 0.0 0.0 0.0 0.0 0.0
2150 1400 0.0 0.0 0.0 0.0 0.0 0.0
2150 1450 0.0 0.0 0.0 0.0 0.0 0.0
2150 1500 0.0 0.0 0.0 0.0 0.0 0.0
2150 1550 0.0 0.0 0.0 0.0 0.0 0.0
2150 1600 0.0 0.0 0.0 0.0 0.0 0.0
2200 0 0.0 0.0 0.0 0.0 0.0 0.0
2200 100 0.0 0.0 0.0 0.0 0.0 0.0
2200 200 0.0 0.0 0.0 0.0 0.0 0.0
2200 300 0.0 0.0 0.0 0.0 0.0 0.0
2200 400 2.00612792969 2.00612792969 2.00612792969 2.00612792969 2.00612792969 2.00612792969
2200 500 0.0 0.0 0.0 0.0 0.0 0.0
2200 600 0.0 0.0 0.0 0.0 0.0 0.0
2200 700 24.6875 15.0132042979 36.9881782532 16.7121677399 53.203163147 12.0062255859
2200 800 0.0 0.0 0.0 0.0 0.0 0.0
2200 900 32.625 15.1883695824 48.6204910278 22.3351020813 69.7644271851 16.0576171875
2200 1000 0.0 0.0 0.0 0.0 0.0 0.0
2200 1100 0.0 0.0 0.0 0.0 0.0 0.0
2200 1200 0.0 0.0 0.0 0.0 0.0 0.0
2200 1250 0.0 0.0 0.0 0.0 0.0 0.0
2200 1300 47.125 19.4040160953 68.7268600464 32.8906402588 96.4005737305 24.2067871094
2200 1350 0.0 0.0 0.0 0.0 0.0 0.0
2200 1400 0.0 0.0 0.0 0.0 0.0 0.0
2200 1450 0.0 0.0 0.0 0.0 0.0 0.0
2200 1500 0.0 0.0 0.0 0.0 0.0 0.0
2200 1550 99.625 38.8532788487 150.057907104 67.6857452393 217.543258667 48.8395996094
2200 1600 0.0 0.0 0.0 0.0 0.0 0.0
2250 0 27.8125 16.894126281 41.4485015869 18.972984314 59.8104248047 13.5803222656
2250 100 0.0 0.0 0.0 0.0 0.0 0.0
2250 200 0.0 0.0 0.0 0.0 0.0 0.0
2250 300 0.0 0.0 0.0 0.0 0.0 0.0
2250 400 19.3125 10.7549234817 31.1674900055 11.8912906647 47.7459526062 7.65710449219
2250 500 0.0 0.0 0.0 0.0 0.0 0.0
2250 600 0.0 0.0 0.0 0.0 0.0 0.0
2250 700 27.8125 17.1270517097 41.4485015869 18.9642829895 59.4735069275 13.7432861328
2250 800 0.0 0.0 0.0 0.0 0.0 0.0
2250 900 0.0 0.0 0.0 0.0 0.0 0.0
2250 1000 2.00612792969 2.00612792969 2.00612792969 2.00612792969 2.00612792969 2.00612792969
2250 1100 0.0 0.0 0.0 0.0 0.0 0.0
2250 1200 2.00612792969 2.00612792969 2.00612792969 2.00612792969 2.00612792969 2.00612792969
2250 1250 60.984375 24.0498968417 90.397819519 41.7499542236 129.381835938 30.0157470703
2250 1300 0.0 0.0 0.0 0.0 0.0 0.0
2250 1350 0.0 0.0 0.0 0.0 0.0 0.0
2250 1400 0.0 0.0 0.0 0.0 0.0 0.0
2250 1450 0.0 0.0 0.0 0.0 0.0 0.0
2250 1500 0.0 0.0 0.0 0.0 0.0 0.0
2250 1550 2.00612792969 2.00612792969 2.00612792969 2.00612792969 2.00612792969 2.00612792969
2250 1600 0.0 0.0 0.0 0.0 0.0 0.0
2300 0 0.0 0.0 0.0 0.0 0.0 0.0
2300 100 0.0 0.0 0.0 0.0 0.0 0.0
2300 200 35.125 24.2124535672 52.0661811829 24.0626831055 74.092010498 17.4252929688
2300 300 32.375 18.8948795685 48.5060157776 22.1246795654 69.7702255249 15.8713378906
2300 400 30.0 15.7715065091 45.4259872437 20.2347564697 66.3578491211 14.47265625
2300 500 2.00612792969 2.00612792969 2.00612792969 2.00612792969 2.00612792969 2.00612792969
2300 600 29.125 19.26758615 44.1010627747 19.6445770264 64.4224090576 14.0505371094
2300 700 31.8125 14.5885622498 48.677696228 21.1446628571 71.3933029175 14.8499755859
2300 800 0.0 0.0 0.0 0.0 0.0 0.0
2300 900 0.0 0.0 0.0 0.0 0.0 0.0
2300 1000 0.0 0.0 0.0 0.0 0.0 0.0
2300 1100 0.0 0.0 0.0 0.0 0.0 0.0
2300 1200 0.0 0.0 0.0 0.0 0.0 0.0
2300 1300 76.984375 35.5002413292 113.501075745 53.3572807312 161.080429077 38.9432678223
2300 1350 0.0 0.0 0.0 0.0 0.0 0.0
2300 1400 0.0 0.0 0.0 0.0 0.0 0.0
2300 1450 0.0 0.0 0.0 0.0 0.0 0.0
2300 1500 0.0 0.0 0.0 0.0 0.0 0.0
2300 1550 0.0 0.0 0.0 0.0 0.0 0.0
2300 1600 0.0 0.0 0.0 0.0 0.0 0.0
